1.900000000000000000e+01 0.000000000000000000e+00 8.360000000000000000e+02 1.940000000000000000e+03
3.000000000000000000e+01 0.000000000000000000e+00 8.060000000000000000e+02 1.910000000000000000e+03
5.000000000000000000e+01 0.000000000000000000e+00 7.560000000000000000e+02 1.860000000000000000e+03
5.000000000000000000e+01 0.000000000000000000e+00 7.060000000000000000e+02 1.810000000000000000e+03
5.000000000000000000e+01 0.000000000000000000e+00 6.560000000000000000e+02 1.760000000000000000e+03
5.000000000000000000e+01 0.000000000000000000e+00 6.060000000000000000e+02 1.710000000000000000e+03
5.000000000000000000e+01 0.000000000000000000e+00 5.560000000000000000e+02 1.660000000000000000e+03
5.000000000000000000e+01 0.000000000000000000e+00 5.060000000000000000e+02 1.610000000000000000e+03
5.000000000000000000e+01 0.000000000000000000e+00 4.560000000000000000e+02 1.560000000000000000e+03
5.000000000000000000e+01 0.000000000000000000e+00 4.060000000000000000e+02 1.510000000000000000e+03
5.000000000000000000e+01 0.000000000000000000e+00 3.560000000000000000e+02 1.460000000000000000e+03
5.000000000000000000e+01 0.000000000000000000e+00 3.060000000000000000e+02 1.410000000000000000e+03
5.000000000000000000e+01 0.000000000000000000e+00 2.560000000000000000e+02 1.360000000000000000e+03
5.000000000000000000e+01 0.000000000000000000e+00 2.060000000000000000e+02 1.310000000000000000e+03
5.000000000000000000e+01 0.000000000000000000e+00 1.560000000000000000e+02 1.260000000000000000e+03
5.000000000000000000e+01 0.000000000000000000e+00 1.060000000000000000e+02 1.210000000000000000e+03
5.000000000000000000e+01 0.000000000000000000e+00 5.600000000000000000e+01 1.160000000000000000e+03
5.600000000000000000e+01 0.000000000000000000e+00 0.000000000000000000e+00 1.104000000000000000e+03
2.000000000000000000e+01 0.000000000000000000e+00 0.000000000000000000e+00 1.084000000000000000e+03
1.000000000000000000e+01 0.000000000000000000e+00 0.000000000000000000e+00 1.074000000000000000e+03
1.000000000000000000e+01 0.000000000000000000e+00 0.000000000000000000e+00 1.064000000000000000e+03
