7.500000000000000000e+01 0.000000000000000000e+00 7.800000000000000000e+02 1.884000000000000000e+03 1.288000000000000078e+01
5.000000000000000000e+01 0.000000000000000000e+00 7.300000000000000000e+02 1.834000000000000000e+03 1.215000000000000036e+01
5.000000000000000000e+01 0.000000000000000000e+00 6.800000000000000000e+02 1.784000000000000000e+03 1.142999999999999972e+01
5.000000000000000000e+01 0.000000000000000000e+00 6.300000000000000000e+02 1.734000000000000000e+03 1.071000000000000085e+01
3.000000000000000000e+01 0.000000000000000000e+00 6.000000000000000000e+02 1.704000000000000000e+03 1.026999999999999957e+01
2.000000000000000000e+01 0.000000000000000000e+00 5.800000000000000000e+02 1.684000000000000000e+03 9.980000000000000426e+00
1.000000000000000000e+01 0.000000000000000000e+00 5.700000000000000000e+02 1.674000000000000000e+03 9.839999999999999858e+00
1.000000000000000000e+01 0.000000000000000000e+00 5.600000000000000000e+02 1.664000000000000000e+03 9.689999999999999503e+00
5.000000000000000000e+00 0.000000000000000000e+00 5.550000000000000000e+02 1.659000000000000000e+03 9.619999999999999218e+00
5.000000000000000000e+00 0.000000000000000000e+00 5.500000000000000000e+02 1.654000000000000000e+03 9.550000000000000711e+00
5.000000000000000000e+00 0.000000000000000000e+00 5.450000000000000000e+02 1.649000000000000000e+03 9.480000000000000426e+00
4.000000000000000000e+00 0.000000000000000000e+00 5.410000000000000000e+02 1.645000000000000000e+03 9.419999999999999929e+00
4.000000000000000000e+00 0.000000000000000000e+00 5.370000000000000000e+02 1.641000000000000000e+03 9.359999999999999432e+00
4.000000000000000000e+00 0.000000000000000000e+00 5.330000000000000000e+02 1.637000000000000000e+03 9.300000000000000711e+00
3.000000000000000000e+00 0.000000000000000000e+00 5.300000000000000000e+02 1.634000000000000000e+03 9.259999999999999787e+00
3.000000000000000000e+00 0.000000000000000000e+00 5.270000000000000000e+02 1.631000000000000000e+03 9.220000000000000639e+00
3.000000000000000000e+00 0.000000000000000000e+00 5.240000000000000000e+02 1.628000000000000000e+03 9.169999999999999929e+00
2.000000000000000000e+00 0.000000000000000000e+00 5.220000000000000000e+02 1.626000000000000000e+03 9.140000000000000568e+00
2.000000000000000000e+00 0.000000000000000000e+00 5.200000000000000000e+02 1.624000000000000000e+03 9.119999999999999218e+00
1.000000000000000000e+00 0.000000000000000000e+00 5.190000000000000000e+02 1.623000000000000000e+03 9.099999999999999645e+00
1.000000000000000000e+00 0.000000000000000000e+00 5.180000000000000000e+02 1.622000000000000000e+03 9.089999999999999858e+00
