3.000000000000000000e+01 0.000000000000000000e+00 8.250000000000000000e+02 1.929000000000000000e+03 1.352999999999999936e+01
3.000000000000000000e+01 0.000000000000000000e+00 7.950000000000000000e+02 1.899000000000000000e+03 1.308999999999999986e+01
3.000000000000000000e+01 0.000000000000000000e+00 7.650000000000000000e+02 1.869000000000000000e+03 1.266000000000000014e+01
2.000000000000000000e+01 0.000000000000000000e+00 7.450000000000000000e+02 1.849000000000000000e+03 1.236999999999999922e+01
2.000000000000000000e+01 0.000000000000000000e+00 7.250000000000000000e+02 1.829000000000000000e+03 1.208000000000000007e+01
1.000000000000000000e+01 0.000000000000000000e+00 7.150000000000000000e+02 1.819000000000000000e+03 1.193999999999999950e+01
1.000000000000000000e+01 0.000000000000000000e+00 7.050000000000000000e+02 1.809000000000000000e+03 1.178999999999999915e+01
5.000000000000000000e+00 0.000000000000000000e+00 7.000000000000000000e+02 1.804000000000000000e+03 1.172000000000000064e+01
5.000000000000000000e+00 0.000000000000000000e+00 6.950000000000000000e+02 1.799000000000000000e+03 1.165000000000000036e+01
5.000000000000000000e+00 0.000000000000000000e+00 6.900000000000000000e+02 1.794000000000000000e+03 1.157000000000000028e+01
5.000000000000000000e+00 0.000000000000000000e+00 6.850000000000000000e+02 1.789000000000000000e+03 1.150000000000000000e+01
4.000000000000000000e+00 0.000000000000000000e+00 6.810000000000000000e+02 1.785000000000000000e+03 1.143999999999999950e+01
4.000000000000000000e+00 0.000000000000000000e+00 6.770000000000000000e+02 1.781000000000000000e+03 1.139000000000000057e+01
4.000000000000000000e+00 0.000000000000000000e+00 6.730000000000000000e+02 1.777000000000000000e+03 1.133000000000000007e+01
3.000000000000000000e+00 0.000000000000000000e+00 6.700000000000000000e+02 1.774000000000000000e+03 1.128999999999999915e+01
3.000000000000000000e+00 0.000000000000000000e+00 6.670000000000000000e+02 1.771000000000000000e+03 1.124000000000000021e+01
3.000000000000000000e+00 0.000000000000000000e+00 6.640000000000000000e+02 1.768000000000000000e+03 1.119999999999999929e+01
2.000000000000000000e+00 0.000000000000000000e+00 6.620000000000000000e+02 1.766000000000000000e+03 1.116999999999999993e+01
2.000000000000000000e+00 0.000000000000000000e+00 6.600000000000000000e+02 1.764000000000000000e+03 1.114000000000000057e+01
1.000000000000000000e+00 0.000000000000000000e+00 6.590000000000000000e+02 1.763000000000000000e+03 1.113000000000000078e+01
1.000000000000000000e+00 0.000000000000000000e+00 6.580000000000000000e+02 1.762000000000000000e+03 1.110999999999999943e+01
